Vetor desordenado: 20 10 9 15 17 8 2 21 19 3 1
N = 11/2 = 5.
----------------------------
20 10 9 15 17 8 2 21 19 3 1
↑__________↑-TROCOU
17 10 9 15 20 8 2 21 19 3 1
   ↑__________↑-TROCOU
17 8 9 15 20 10 2 21 19 3 1
     ↑__________↑-TROCOU
17 8 2 15 20 10 9 21 19 3 1
       ↑__________↑
17 8 2 15 20 10 9 21 19 3 1
          ↑__________↑-TROCOU
17 8 2 15 19 10 9 21 20 3 1
             ↑__________↑-TROCOU
17 8 2 15 19 3 9 21 20 10 1
               ↑__________↑-TROCOU
17 8 2 15 19 3 1 21 20 10 9
----------------------------
N = 11/4 = 2.
----------------------------
17 8 2 15 19 3 1 21 20 10 9
↑____↑-TROCOU
2 8 17 15 19 3 1 21 20 10 9
  ↑____↑
2 8 17 15 19 3 1 21 20 10 9
    ↑_____↑
2 8 17 15 19 3 1 21 20 10 9
       ↑_____↑-TROCOU
2 8 17 3 19 15 1 21 20 10 9
         ↑_____↑-TROCOU
2 8 17 3 1 15 19 21 20 10 9
           ↑_____↑
2 8 17 3 1 15 19 21 20 10 9
              ↑_____↑
2 8 17 3 1 15 19 21 20 10 9
                 ↑_____↑-TROCOU
2 8 17 3 1 15 19 10 20 21 9
                    ↑_____↑-TROCOU
2 8 17 3 1 15 19 10 9 21 20
----------------------------
N = 11/4 = 1.
----------------------------
2 8 17 3 1 15 19 10 9 21 20
↑_↑
2 8 17 3 1 15 19 10 9 21 20
  ↑_↑
2 8 17 3 1 15 19 10 9 21 20
    ↑_↑-TROCOU
2 8 3 17 1 15 19 10 9 21 20
  ↑_↑-TROCOU
2 3 8 17 1 15 19 10 9 21 20
↑_↑
2 3 8 17 1 15 19 10 9 21 20
      ↑__↑-TROCOU
2 3 8 1 17 15 19 10 9 21 20
    ↑_↑-TROCOU
2 3 1 8 17 15 19 10 9 21 20
  ↑_↑-TROCOU
2 1 3 8 17 15 19 10 9 21 20
↑_↑
1 2 3 8 17 15 19 10 9 21 20
        ↑__↑-TROCOU
1 2 3 8 15 17 19 10 9 21 20
           ↑__↑
1 2 3 8 15 17 19 10 9 21 20
              ↑__↑-TROCOU
1 2 3 8 15 17 10 19 9 21 20
           ↑__↑-TROCOU
1 2 3 8 15 10 17 19 9 21 20
        ↑__↑-TROCOU
1 2 3 8 10 15 17 19 9 21 20
      ↑_↑
1 2 3 8 10 15 17 19 9 21 20
                 ↑__↑-TROCOU
1 2 3 8 10 15 17 9 19 21 20
              ↑__↑-TROCOU
1 2 3 8 10 15 9 17 19 21 20
           ↑__↑-TROCOU
1 2 3 8 10 9 15 17 19 21 20
        ↑__↑-TROCOU
1 2 3 8 9 10 15 17 19 21 20
      ↑_↑
1 2 3 8 9 10 15 17 19 21 20
                   ↑__↑
1 2 3 8 9 10 15 17 19 21 20
                      ↑__↑
----------------------------
Vetor original desordenado:
20 10 9 15 17 8 2 21 19 3 1
Vetor ordenado:
1 2 3 8 9 10 15 17 19 21 20

Quantidade de passos: 40 Passos
Quantidade de swaps: 24 Swaps
